{
	"calibDataSource": "160226_calib_tent12_norm",
	"cameras": [
		{
			"name": "01_01",
			"type": "vga",
			"resolution": [640,480],
			"panel": 1,
			"node": 1,
			"K": [
				[746.641,0,373.669],
				[0,746.953,227.332],
				[0,0,1]
			],
			"distCoef": [-0.332711,0.110541,-0.000968012,0.000948772,-0.0284041],
			"R": [
				[0.9547773074,0.02854573176,-0.2959483646],
				[-0.05281891491,0.9958324928,-0.07434923375],
				[0.2925926443,0.08661863269,0.9523060206]
			],
			"t": [
				[-47.40356229],
				[142.9277028],
				[280.0912235]
			]
		},
		{
			"name": "01_02",
			"type": "vga",
			"resolution": [640,480],
			"panel": 1,
			"node": 2,
			"K": [
				[747.194,0,368.815],
				[0,747.486,228.007],
				[0,0,1]
			],
			"distCoef": [-0.353119,0.218409,-0.000855011,0.000147937,-0.185575],
			"R": [
				[0.9661184318,-0.0174396964,-0.2575092867],
				[0.004964954818,0.9987857084,-0.0490148737],
				[0.2580513998,0.04607565094,0.9650318697]
			],
			"t": [
				[-62.38663301],
				[141.1873277],
				[276.2003516]
			]
		},
		{
			"name": "01_03",
			"type": "vga",
			"resolution": [640,480],
			"panel": 1,
			"node": 3,
			"K": [
				[747.623,0,378.628],
				[0,747.894,240.034],
				[0,0,1]
			],
			"distCoef": [-0.337426,0.117617,-0.00111344,0.000972803,-0.0107849],
			"R": [
				[0.96277419,0.05792616424,-0.2640273063],
				[-0.07537424496,0.9955572118,-0.05643191717],
				[0.2595854044,0.07423205221,0.9628629291]
			],
			"t": [
				[-48.12741404],
				[116.2864286],
				[280.0952311]
			]
		},
		{
			"name": "01_04",
			"type": "vga",
			"resolution": [640,480],
			"panel": 1,
			"node": 4,
			"K": [
				[749.095,0,367.019],
				[0,749.264,235.225],
				[0,0,1]
			],
			"distCoef": [-0.340911,0.140127,-0.00121606,-0.000762854,-0.0501768],
			"R": [
				[0.9601616289,0.08522922669,-0.2661308425],
				[-0.1133330144,0.9892820732,-0.09206849328],
				[0.2554315451,0.1185620451,0.959529972]
			],
			"t": [
				[-25.74171167],
				[96.20202128],
				[284.8045603]
			]
		},
		{
			"name": "01_05",
			"type": "vga",
			"resolution": [640,480],
			"panel": 1,
			"node": 5,
			"K": [
				[744.019,0,353.24],
				[0,744.215,210.371],
				[0,0,1]
			],
			"distCoef": [-0.324092,0.0756506,-0.000357808,-0.000632564,-0.0135756],
			"R": [
				[0.9661195958,0.05072298232,-0.2530614662],
				[-0.07502678512,0.9933503601,-0.08732722088],
				[0.2469492015,0.1033549276,0.9635008307]
			],
			"t": [
				[-23.36504543],
				[77.61594327],
				[282.747231]
			]
		},
		{
			"name": "01_06",
			"type": "vga",
			"resolution": [640,480],
			"panel": 1,
			"node": 6,
			"K": [
				[744.577,0,373.527],
				[0,744.894,241.09],
				[0,0,1]
			],
			"distCoef": [-0.321389,0.0327323,0.0011624,-8.78859e-05,0.116063],
			"R": [
				[0.9615584213,0.07535555472,-0.2640585974],
				[-0.09654445978,0.9929901651,-0.06818870426],
				[0.2570691926,0.09106081746,0.9620932168]
			],
			"t": [
				[-3.962147403],
				[73.45341948],
				[281.6738022]
			]
		},
		{
			"name": "01_07",
			"type": "vga",
			"resolution": [640,480],
			"panel": 1,
			"node": 7,
			"K": [
				[749.842,0,380.486],
				[0,750.039,229.908],
				[0,0,1]
			],
			"distCoef": [-0.354019,0.209078,-0.000759512,0.00129978,-0.141376],
			"R": [
				[0.960581318,-0.02974286252,-0.2764034979],
				[0.01622866702,0.998564085,-0.05105289928],
				[0.2775250653,0.04455480095,0.9596846919]
			],
			"t": [
				[-1.076857668],
				[99.45580371],
				[277.4555666]
			]
		},
		{
			"name": "01_08",
			"type": "vga",
			"resolution": [640,480],
			"panel": 1,
			"node": 8,
			"K": [
				[746.505,0,362.94],
				[0,746.885,218.042],
				[0,0,1]
			],
			"distCoef": [-0.329736,0.073717,-0.000773727,-0.0013644,0.0472508],
			"R": [
				[0.9582124214,0.06449455144,-0.2786923182],
				[-0.07927502321,0.9959641254,-0.04208243884],
				[0.274853463,0.06241725562,0.9594580033]
			],
			"t": [
				[29.09659561],
				[86.88200373],
				[279.7154262]
			]
		},
		{
			"name": "01_09",
			"type": "vga",
			"resolution": [640,480],
			"panel": 1,
			"node": 9,
			"K": [
				[746.588,0,338.916],
				[0,746.702,236.862],
				[0,0,1]
			],
			"distCoef": [-0.308011,-0.038748,0.000386735,-0.000353184,0.24402],
			"R": [
				[0.9585249015,0.07262769496,-0.2755997664],
				[-0.09169990195,0.9941572819,-0.05694231123],
				[0.2698539258,0.07985309481,0.9595844632]
			],
			"t": [
				[47.94857022],
				[94.95156219],
				[280.9636739]
			]
		},
		{
			"name": "01_10",
			"type": "vga",
			"resolution": [640,480],
			"panel": 1,
			"node": 10,
			"K": [
				[749.239,0,377.264],
				[0,749.709,229.447],
				[0,0,1]
			],
			"distCoef": [-0.359701,0.257791,-0.0014641,0.000747046,-0.238959],
			"R": [
				[0.9600970384,-0.001730581583,-0.2796617277],
				[-0.01085060129,0.9989974279,-0.04343274574],
				[0.2794565105,0.04473414846,0.9591156941]
			],
			"t": [
				[33.82698381],
				[129.5045655],
				[277.1666163]
			]
		},
		{
			"name": "01_11",
			"type": "vga",
			"resolution": [640,480],
			"panel": 1,
			"node": 11,
			"K": [
				[748.048,0,364.46],
				[0,747.886,222.39],
				[0,0,1]
			],
			"distCoef": [-0.357024,0.221223,0.000253399,0.00130324,-0.157011],
			"R": [
				[0.9824967162,-0.01327072176,-0.1858065945],
				[0.003815200608,0.9986834682,-0.0511544189],
				[0.1862408302,0.04955015916,0.9812538585]
			],
			"t": [
				[73.58394439],
				[143.7234051],
				[271.7110023]
			]
		},
		{
			"name": "01_12",
			"type": "vga",
			"resolution": [640,480],
			"panel": 1,
			"node": 12,
			"K": [
				[747.015,0,360.296],
				[0,747.269,226.83],
				[0,0,1]
			],
			"distCoef": [-0.3479,0.206183,-0.00076344,-0.00185306,-0.199985],
			"R": [
				[0.9514683128,0.08496494916,-0.2957854074],
				[-0.09773110469,0.9948013055,-0.0286180681],
				[0.2918161767,0.05613661959,0.954825638]
			],
			"t": [
				[57.41278663],
				[157.6310728],
				[279.0215833]
			]
		},
		{
			"name": "01_13",
			"type": "vga",
			"resolution": [640,480],
			"panel": 1,
			"node": 13,
			"K": [
				[745.82,0,340.368],
				[0,746.122,216.297],
				[0,0,1]
			],
			"distCoef": [-0.338432,0.154532,-0.000239299,-0.00113254,-0.138289],
			"R": [
				[0.9667052355,-0.06244566184,-0.2481562553],
				[0.03549713597,0.9931161734,-0.1116253528],
				[0.2534185097,0.09909997664,0.9622672464]
			],
			"t": [
				[23.28764747],
				[154.4113042],
				[283.9743249]
			]
		},
		{
			"name": "01_14",
			"type": "vga",
			"resolution": [640,480],
			"panel": 1,
			"node": 14,
			"K": [
				[748.372,0,364.551],
				[0,748.775,235.764],
				[0,0,1]
			],
			"distCoef": [-0.364166,0.286961,-0.000779208,5.97112e-05,-0.306973],
			"R": [
				[0.9572746511,0.00660938188,-0.2891047533],
				[-0.02627857237,0.9975905895,-0.06420632598],
				[0.2879838171,0.06906034848,0.9551418687]
			],
			"t": [
				[22.34188644],
				[181.8076428],
				[280.1859652]
			]
		},
		{
			"name": "01_15",
			"type": "vga",
			"resolution": [640,480],
			"panel": 1,
			"node": 15,
			"K": [
				[747.096,0,367.262],
				[0,747.417,218.141],
				[0,0,1]
			],
			"distCoef": [-0.341087,0.148472,-0.00188774,-0.00100732,-0.091886],
			"R": [
				[0.9528267138,0.03501007794,-0.3014888853],
				[-0.06447180751,0.9940026624,-0.08832945787],
				[0.2965883335,0.1036002004,0.9493694533]
			],
			"t": [
				[3.914436753],
				[173.5603715],
				[285.7377091]
			]
		},
		{
			"name": "01_16",
			"type": "vga",
			"resolution": [640,480],
			"panel": 1,
			"node": 16,
			"K": [
				[749.758,0,372.415],
				[0,749.765,229.966],
				[0,0,1]
			],
			"distCoef": [-0.379934,0.375881,0.000859556,0.00028632,-0.439258],
			"R": [
				[0.9618762376,0.05620315697,-0.2676477323],
				[-0.07284791648,0.9959517169,-0.05266268847],
				[0.2636044091,0.0701525683,0.9620765732]
			],
			"t": [
				[-0.4699788491],
				[172.7822649],
				[279.3856511]
			]
		},
		{
			"name": "01_17",
			"type": "vga",
			"resolution": [640,480],
			"panel": 1,
			"node": 17,
			"K": [
				[749.901,0,370.802],
				[0,750.469,235.871],
				[0,0,1]
			],
			"distCoef": [-0.363834,0.2658,-0.00143382,0.00234662,-0.213293],
			"R": [
				[0.9587892214,0.02484362274,-0.2830300748],
				[-0.04737188907,0.9962038869,-0.07303232038],
				[0.2801412733,0.08343027091,0.9563264385]
			],
			"t": [
				[-31.05945041],
				[172.5947079],
				[281.1103224]
			]
		},
		{
			"name": "01_18",
			"type": "vga",
			"resolution": [640,480],
			"panel": 1,
			"node": 18,
			"K": [
				[745.091,0,363.374],
				[0,745.475,237.535],
				[0,0,1]
			],
			"distCoef": [-0.322275,0.0425887,-0.00132144,-0.000931878,0.107407],
			"R": [
				[0.944832214,0.05964638037,-0.3220782462],
				[-0.0733269897,0.9968414315,-0.03050103182],
				[0.3192416638,0.05243538567,0.9462215863]
			],
			"t": [
				[-54.32053913],
				[174.886734],
				[272.7868034]
			]
		},
		{
			"name": "01_19",
			"type": "vga",
			"resolution": [640,480],
			"panel": 1,
			"node": 19,
			"K": [
				[744.338,0,364.72],
				[0,744.675,220.967],
				[0,0,1]
			],
			"distCoef": [-0.320208,0.031478,-0.00105105,-0.000378206,0.117357],
			"R": [
				[0.9617090172,0.05287728838,-0.2689233322],
				[-0.06737531938,0.9967139952,-0.04496418635],
				[0.2656620646,0.06136125886,0.962111461]
			],
			"t": [
				[-16.14479085],
				[144.0314178],
				[278.1814326]
			]
		},
		{
			"name": "01_20",
			"type": "vga",
			"resolution": [640,480],
			"panel": 1,
			"node": 20,
			"K": [
				[746.067,0,344.67],
				[0,746.399,245.011],
				[0,0,1]
			],
			"distCoef": [-0.338439,0.133029,0.000898293,-0.000995065,-0.0625553],
			"R": [
				[0.9653358447,0.03462002255,-0.2587047755],
				[-0.04467769214,0.9984530293,-0.03309761593],
				[0.2571587266,0.04350864735,0.9653892412]
			],
			"t": [
				[-12.15987391],
				[127.6589293],
				[276.4629824]
			]
		},
		{
			"name": "01_21",
			"type": "vga",
			"resolution": [640,480],
			"panel": 1,
			"node": 21,
			"K": [
				[743.439,0,365.489],
				[0,743.558,221.637],
				[0,0,1]
			],
			"distCoef": [-0.308858,-0.0455332,-0.00106792,-3.09206e-05,0.264207],
			"R": [
				[0.9582010257,0.03988942042,-0.2833013034],
				[-0.04979965203,0.998370493,-0.02786311686],
				[0.2817282184,0.04080677349,0.9586261097]
			],
			"t": [
				[1.406569382],
				[121.8372025],
				[276.3321846]
			]
		},
		{
			"name": "01_22",
			"type": "vga",
			"resolution": [640,480],
			"panel": 1,
			"node": 22,
			"K": [
				[745.503,0,363.229],
				[0,745.914,227.518],
				[0,0,1]
			],
			"distCoef": [-0.343249,0.176848,-0.00125012,-0.000460825,-0.143407],
			"R": [
				[0.9554340071,-0.00787895916,-0.2950996106],
				[-0.004901795719,0.9990825182,-0.04254520248],
				[0.2951640739,0.0420956513,0.9545187927]
			],
			"t": [
				[7.68467294],
				[134.9489105],
				[276.5238094]
			]
		},
		{
			"name": "01_23",
			"type": "vga",
			"resolution": [640,480],
			"panel": 1,
			"node": 23,
			"K": [
				[746.492,0,358.412],
				[0,746.75,223.964],
				[0,0,1]
			],
			"distCoef": [-0.330463,0.0886531,-0.000770862,0.000696359,0.0342622],
			"R": [
				[0.9481662612,0.01297932321,-0.3175094933],
				[-0.04041223983,0.995977946,-0.07996738117],
				[0.3151945304,0.08865364261,0.9448772088]
			],
			"t": [
				[1.019533065],
				[142.8189766],
				[282.810897]
			]
		},
		{
			"name": "01_24",
			"type": "vga",
			"resolution": [640,480],
			"panel": 1,
			"node": 24,
			"K": [
				[745.772,0,369.696],
				[0,745.855,244.506],
				[0,0,1]
			],
			"distCoef": [-0.326188,0.0599739,-8.01598e-05,-0.000272434,0.0726156],
			"R": [
				[0.9553282835,0.05384807384,-0.2905998206],
				[-0.07706817913,0.9946317716,-0.06905168127],
				[0.2853215144,0.08836302317,0.954349836]
			],
			"t": [
				[-4.398668611],
				[147.5262358],
				[282.1268178]
			]
		},
		{
			"name": "02_01",
			"type": "vga",
			"resolution": [640,480],
			"panel": 2,
			"node": 1,
			"K": [
				[747.894,0,375.311],
				[0,748.328,234.427],
				[0,0,1]
			],
			"distCoef": [-0.324147,0.0561246,-6.24507e-05,-0.000321506,0.058988],
			"R": [
				[0.9816860899,0.0484983397,0.1842290204],
				[-0.004864111137,0.9731182532,-0.2302546541],
				[-0.1904435909,0.2251416807,0.9555325543]
			],
			"t": [
				[0.9557527522],
				[176.0274678],
				[300.7621928]
			]
		},
		{
			"name": "02_02",
			"type": "vga",
			"resolution": [640,480],
			"panel": 2,
			"node": 2,
			"K": [
				[748.973,0,367.429],
				[0,749.373,211.848],
				[0,0,1]
			],
			"distCoef": [-0.344793,0.154335,0.000566779,-0.000483612,-0.0671927],
			"R": [
				[0.9852981219,-0.05688595915,0.1610949985],
				[0.08811048286,0.9770591406,-0.1938865093],
				[-0.1463699207,0.2052301716,0.9677067856]
			],
			"t": [
				[-48.45448211],
				[191.7685538],
				[295.5286813]
			]
		},
		{
			"name": "02_03",
			"type": "vga",
			"resolution": [640,480],
			"panel": 2,
			"node": 3,
			"K": [
				[746.626,0,353.573],
				[0,747.013,252.817],
				[0,0,1]
			],
			"distCoef": [-0.332597,0.0856917,-0.00117764,-0.00137393,0.0293699],
			"R": [
				[0.9795213233,0.1273699967,0.1559322325],
				[-0.08247969369,0.9603475567,-0.2663262482],
				[-0.1836711118,0.2480109963,0.9511863479]
			],
			"t": [
				[-20.84320309],
				[170.2279953],
				[304.8322878]
			]
		},
		{
			"name": "02_04",
			"type": "vga",
			"resolution": [640,480],
			"panel": 2,
			"node": 4,
			"K": [
				[746.971,0,380.96],
				[0,747.241,225.408],
				[0,0,1]
			],
			"distCoef": [-0.335889,0.120192,-0.00107441,0.000620403,-0.0261902],
			"R": [
				[0.9832604319,0.07502445796,0.1660429274],
				[-0.03249744191,0.9688919867,-0.2453410573],
				[-0.1792842416,0.2358381836,0.9551112563]
			],
			"t": [
				[-30.14638726],
				[151.7965651],
				[302.5516894]
			]
		},
		{
			"name": "02_05",
			"type": "vga",
			"resolution": [640,480],
			"panel": 2,
			"node": 5,
			"K": [
				[744.835,0,378.34],
				[0,744.9,244.517],
				[0,0,1]
			],
			"distCoef": [-0.325324,0.0465764,-0.000100686,-0.000910882,0.0948598],
			"R": [
				[0.9889265777,0.05740082635,0.1368552852],
				[-0.02163234147,0.9680762755,-0.2497205769],
				[-0.1468205223,0.2439948152,0.9585980724]
			],
			"t": [
				[-59.5435384],
				[136.9454819],
				[301.8063159]
			]
		},
		{
			"name": "02_06",
			"type": "vga",
			"resolution": [640,480],
			"panel": 2,
			"node": 6,
			"K": [
				[744.524,0,351.841],
				[0,744.907,229.32],
				[0,0,1]
			],
			"distCoef": [-0.3045,-0.0662403,-0.000498777,-2.75873e-05,0.298167],
			"R": [
				[0.9848850589,0.0627072214,0.1614596702],
				[-0.01652362563,0.9619291503,-0.2727989729],
				[-0.1724192289,0.2660077334,0.9484257985]
			],
			"t": [
				[-50.84777185],
				[108.1261551],
				[305.952842]
			]
		},
		{
			"name": "02_07",
			"type": "vga",
			"resolution": [640,480],
			"panel": 2,
			"node": 7,
			"K": [
				[747.582,0,375.379],
				[0,747.719,217.651],
				[0,0,1]
			],
			"distCoef": [-0.337427,0.129806,-0.000781401,0.000229556,-0.0399731],
			"R": [
				[0.9813496791,0.09747346483,0.1656856391],
				[-0.05637621812,0.969943982,-0.2367074013],
				[-0.1837784791,0.2229520026,0.9573494008]
			],
			"t": [
				[-24.66154899],
				[111.7911933],
				[301.6149246]
			]
		},
		{
			"name": "02_08",
			"type": "vga",
			"resolution": [640,480],
			"panel": 2,
			"node": 8,
			"K": [
				[748.082,0,346.983],
				[0,748.409,231.097],
				[0,0,1]
			],
			"distCoef": [-0.346889,0.178744,0.000858424,-0.00173224,-0.119264],
			"R": [
				[0.9783644198,0.04525429121,0.2018789517],
				[0.0003616901788,0.9754082196,-0.2204057037],
				[-0.2068886928,0.2157101161,0.9542883289]
			],
			"t": [
				[-20.53625352],
				[90.77309796],
				[302.2228578]
			]
		},
		{
			"name": "02_09",
			"type": "vga",
			"resolution": [640,480],
			"panel": 2,
			"node": 9,
			"K": [
				[747.483,0,344.049],
				[0,747.765,223.045],
				[0,0,1]
			],
			"distCoef": [-0.330493,0.0914031,0.000220537,0.000423805,0.014591],
			"R": [
				[0.9757946716,0.02570227203,0.2171730926],
				[0.01336614058,0.9842034245,-0.1765360176],
				[-0.2182798782,0.1751656714,0.9600369172]
			],
			"t": [
				[0.6649356994],
				[94.26218485],
				[298.0877709]
			]
		},
		{
			"name": "02_10",
			"type": "vga",
			"resolution": [640,480],
			"panel": 2,
			"node": 10,
			"K": [
				[744.573,0,345.109],
				[0,744.716,232.032],
				[0,0,1]
			],
			"distCoef": [-0.313922,-0.00538062,0.000360231,-0.000237565,0.175975],
			"R": [
				[0.9875563567,0.04811240351,0.1497252118],
				[-0.01394609718,0.9750948218,-0.2213494856],
				[-0.1566459345,0.2165070092,0.9636320699]
			],
			"t": [
				[2.659359415],
				[95.30358996],
				[301.1265778]
			]
		},
		{
			"name": "02_11",
			"type": "vga",
			"resolution": [640,480],
			"panel": 2,
			"node": 11,
			"K": [
				[749.871,0,373.216],
				[0,750.321,220.849],
				[0,0,1]
			],
			"distCoef": [-0.34189,0.142366,0.000837693,0.000694179,-0.0512417],
			"R": [
				[0.9812234646,-0.03959709088,0.1887659472],
				[0.07928904735,0.9749886357,-0.2076304583],
				[-0.1758230913,0.2186989498,0.9598213427]
			],
			"t": [
				[19.88110029],
				[87.85449786],
				[301.5565315]
			]
		},
		{
			"name": "02_12",
			"type": "vga",
			"resolution": [640,480],
			"panel": 2,
			"node": 12,
			"K": [
				[747.358,0,386.279],
				[0,747.47,224.487],
				[0,0,1]
			],
			"distCoef": [-0.340927,0.127851,-0.000518531,-0.000164333,-0.0239246],
			"R": [
				[0.9819003216,-0.05306357768,0.1818131327],
				[0.09022182807,0.9750826801,-0.2026666936],
				[-0.1665286168,0.2154020048,0.9622214901]
			],
			"t": [
				[33.15560227],
				[101.7508124],
				[301.3987733]
			]
		},
		{
			"name": "02_13",
			"type": "vga",
			"resolution": [640,480],
			"panel": 2,
			"node": 13,
			"K": [
				[747.762,0,386.538],
				[0,747.814,242.237],
				[0,0,1]
			],
			"distCoef": [-0.338937,0.122758,0.000489855,7.19574e-05,-0.0236218],
			"R": [
				[0.9848580295,0.07264770551,0.1574070283],
				[-0.03861323154,0.9770771385,-0.2093544453],
				[-0.1690079289,0.2001064124,0.965087428]
			],
			"t": [
				[41.3447085],
				[121.7400276],
				[298.5261852]
			]
		},
		{
			"name": "02_14",
			"type": "vga",
			"resolution": [640,480],
			"panel": 2,
			"node": 14,
			"K": [
				[746.432,0,358.521],
				[0,746.448,220.623],
				[0,0,1]
			],
			"distCoef": [-0.333428,0.101118,0.000528657,0.00043101,0.0146318],
			"R": [
				[0.970456425,-0.0134703802,0.240900137],
				[0.06140640458,0.9793519735,-0.1926109176],
				[-0.2333314823,0.2017133138,0.9512455826]
			],
			"t": [
				[65.8125037],
				[137.1972367],
				[294.8349507]
			]
		},
		{
			"name": "02_15",
			"type": "vga",
			"resolution": [640,480],
			"panel": 2,
			"node": 15,
			"K": [
				[748.449,0,375.518],
				[0,748.354,233.016],
				[0,0,1]
			],
			"distCoef": [-0.36002,0.245401,0.000665994,0.00147006,-0.205642],
			"R": [
				[0.9795439279,-0.03010660592,0.1989655386],
				[0.07444562574,0.9728113367,-0.2193078933],
				[-0.1869533152,0.2296338293,0.955152743]
			],
			"t": [
				[42.6966056],
				[147.6825767],
				[301.3631105]
			]
		},
		{
			"name": "02_16",
			"type": "vga",
			"resolution": [640,480],
			"panel": 2,
			"node": 16,
			"K": [
				[749.747,0,369.176],
				[0,749.831,213.215],
				[0,0,1]
			],
			"distCoef": [-0.358005,0.242724,-0.00151309,0.000303713,-0.239397],
			"R": [
				[0.9874666982,0.01230642747,0.1573469787],
				[0.02542055961,0.9715373763,-0.2355184104],
				[-0.1557668611,0.2365664354,0.9590479689]
			],
			"t": [
				[23.36392205],
				[154.4950632],
				[303.4062931]
			]
		},
		{
			"name": "02_17",
			"type": "vga",
			"resolution": [640,480],
			"panel": 2,
			"node": 17,
			"K": [
				[744.254,0,372.244],
				[0,744.889,259.501],
				[0,0,1]
			],
			"distCoef": [-0.304971,-0.0619812,-0.000290949,-0.000560982,0.25858],
			"R": [
				[0.9762882135,0.05339512535,0.2097862835],
				[-0.00819204716,0.9775214667,-0.2106767012],
				[-0.2163197044,0.2039626011,0.9547801018]
			],
			"t": [
				[40.64638569],
				[182.7790579],
				[295.864183]
			]
		},
		{
			"name": "02_18",
			"type": "vga",
			"resolution": [640,480],
			"panel": 2,
			"node": 18,
			"K": [
				[747.178,0,379.355],
				[0,748.04,215.083],
				[0,0,1]
			],
			"distCoef": [-0.312154,-0.00819326,-0.00148038,-0.00108059,0.152533],
			"R": [
				[0.9802394496,0.01135142505,0.1974886493],
				[0.01869743242,0.9885657452,-0.1496267807],
				[-0.196928991,0.1503626038,0.9688188994]
			],
			"t": [
				[10.89854737],
				[212.8137041],
				[285.0040293]
			]
		},
		{
			"name": "02_19",
			"type": "vga",
			"resolution": [640,480],
			"panel": 2,
			"node": 19,
			"K": [
				[745.867,0,379.268],
				[0,746.066,233.146],
				[0,0,1]
			],
			"distCoef": [-0.322491,0.0612373,-0.00019167,0.000139587,0.0539276],
			"R": [
				[0.9846560872,0.05689149876,0.164971959],
				[-0.0197060176,0.9755679886,-0.2188121852],
				[-0.1733899153,0.2122038098,0.9617200634]
			],
			"t": [
				[0.7342717048],
				[159.8306754],
				[298.8944247]
			]
		},
		{
			"name": "02_20",
			"type": "vga",
			"resolution": [640,480],
			"panel": 2,
			"node": 20,
			"K": [
				[747.107,0,392.133],
				[0,747.286,227.926],
				[0,0,1]
			],
			"distCoef": [-0.331236,0.110256,-0.000231279,0.00128994,-0.0104982],
			"R": [
				[0.9864032338,0.03044828117,0.1614978715],
				[0.01014257419,0.9695351348,-0.2447422124],
				[-0.1640298403,0.2430525139,0.9560437683]
			],
			"t": [
				[-22.89630607],
				[137.647309],
				[303.4210579]
			]
		},
		{
			"name": "02_21",
			"type": "vga",
			"resolution": [640,480],
			"panel": 2,
			"node": 21,
			"K": [
				[748.408,0,357.888],
				[0,748.354,238.186],
				[0,0,1]
			],
			"distCoef": [-0.347323,0.183774,0.000350586,0.000364569,-0.11795],
			"R": [
				[0.9820271035,0.09030309423,0.1657350875],
				[-0.04722012921,0.9677382688,-0.2474932374],
				[-0.1827375918,0.2352190348,0.9546093328]
			],
			"t": [
				[-7.593963106],
				[119.5369784],
				[302.7104073]
			]
		},
		{
			"name": "02_22",
			"type": "vga",
			"resolution": [640,480],
			"panel": 2,
			"node": 22,
			"K": [
				[747.031,0,373.982],
				[0,747.114,247.843],
				[0,0,1]
			],
			"distCoef": [-0.331783,0.108394,0.000588565,-0.00112876,-0.0103883],
			"R": [
				[0.9873696181,0.0783133167,0.1377253124],
				[-0.04344729635,0.969807001,-0.2399723175],
				[-0.1523600003,0.230957583,0.9609604701]
			],
			"t": [
				[0.8813452044],
				[111.5461387],
				[302.2232557]
			]
		},
		{
			"name": "02_23",
			"type": "vga",
			"resolution": [640,480],
			"panel": 2,
			"node": 23,
			"K": [
				[745.753,0,375.477],
				[0,745.85,236.755],
				[0,0,1]
			],
			"distCoef": [-0.33762,0.112121,0.000370633,0.000312677,-0.00278014],
			"R": [
				[0.9845459893,0.006351989376,0.1750109914],
				[0.03630856482,0.9702240211,-0.2394724137],
				[-0.1713209941,0.2421260024,0.9549995371]
			],
			"t": [
				[15.4374085],
				[120.1289383],
				[303.6764306]
			]
		},
		{
			"name": "02_24",
			"type": "vga",
			"resolution": [640,480],
			"panel": 2,
			"node": 24,
			"K": [
				[749.19,0,365.462],
				[0,749.513,236.742],
				[0,0,1]
			],
			"distCoef": [-0.354118,0.226038,-0.000476949,-0.000852659,-0.214918],
			"R": [
				[0.9896460942,-0.01964299599,0.1421786231],
				[0.05261852009,0.9712755793,-0.2320668879],
				[-0.1335361355,0.237145318,0.9622526688]
			],
			"t": [
				[-3.885857322],
				[141.6791653],
				[303.0342635]
			]
		},
		{
			"name": "03_01",
			"type": "vga",
			"resolution": [640,480],
			"panel": 3,
			"node": 1,
			"K": [
				[747.082,0,365.886],
				[0,747.43,222.897],
				[0,0,1]
			],
			"distCoef": [-0.345288,0.184539,-0.000701913,0.000550945,-0.147531],
			"R": [
				[0.7735803441,0.1459046458,-0.616672754],
				[-0.3314626775,0.9225600546,-0.1975232622],
				[0.540098088,0.3572041153,0.762036269]
			],
			"t": [
				[-11.66636817],
				[107.4636364],
				[319.2698911]
			]
		},
		{
			"name": "03_02",
			"type": "vga",
			"resolution": [640,480],
			"panel": 3,
			"node": 2,
			"K": [
				[748.077,0,370.007],
				[0,748.305,218.063],
				[0,0,1]
			],
			"distCoef": [-0.334972,0.118943,-0.000385913,0.00098619,-0.0379663],
			"R": [
				[0.7682450657,0.1216210126,-0.6284964982],
				[-0.3513386992,0.9008124991,-0.2551430185],
				[0.535126749,0.4168275072,0.734774926]
			],
			"t": [
				[-22.26312784],
				[65.78370175],
				[324.3809035]
			]
		},
		{
			"name": "03_03",
			"type": "vga",
			"resolution": [640,480],
			"panel": 3,
			"node": 3,
			"K": [
				[749.3,0,351.575],
				[0,749.413,213.923],
				[0,0,1]
			],
			"distCoef": [-0.342338,0.15834,-0.000168933,-0.000123777,-0.104027],
			"R": [
				[0.792304945,0.06169549272,-0.6069979739],
				[-0.2731206328,0.9254912955,-0.2624328142],
				[0.5455804194,0.3737104871,0.750121642]
			],
			"t": [
				[-4.857058957],
				[73.39597011],
				[321.2656089]
			]
		},
		{
			"name": "03_04",
			"type": "vga",
			"resolution": [640,480],
			"panel": 3,
			"node": 4,
			"K": [
				[746.32,0,377.752],
				[0,746.338,213.87],
				[0,0,1]
			],
			"distCoef": [-0.348054,0.154699,-0.000325608,0.00162951,-0.0270793],
			"R": [
				[0.8267458086,-0.03575014825,-0.5614385941],
				[-0.2038203066,0.9111440357,-0.3581533593],
				[0.5243554621,0.410534375,0.7459979064]
			],
			"t": [
				[7.507686424],
				[74.98360895],
				[324.4978763]
			]
		},
		{
			"name": "03_05",
			"type": "vga",
			"resolution": [640,480],
			"panel": 3,
			"node": 5,
			"K": [
				[748.273,0,377.482],
				[0,748.747,251.841],
				[0,0,1]
			],
			"distCoef": [-0.352685,0.196259,0.00136544,0.000103153,-0.115038],
			"R": [
				[0.8481052467,-0.05520255286,-0.5269441799],
				[-0.187258044,0.899138398,-0.3955813016],
				[0.4956328435,0.4341691138,0.7522268708]
			],
			"t": [
				[35.7441914],
				[62.62611783],
				[325.2940361]
			]
		},
		{
			"name": "03_06",
			"type": "vga",
			"resolution": [640,480],
			"panel": 3,
			"node": 6,
			"K": [
				[746.594,0,377.778],
				[0,746.611,240.114],
				[0,0,1]
			],
			"distCoef": [-0.327063,0.0615484,-0.00115929,-0.000123487,0.0603832],
			"R": [
				[0.8664483783,-0.06429349881,-0.4951096381],
				[-0.122727366,0.9338184117,-0.3360374498],
				[0.4839475193,0.3519226051,0.8012148767]
			],
			"t": [
				[57.62151553],
				[109.2335862],
				[315.5277701]
			]
		},
		{
			"name": "03_07",
			"type": "vga",
			"resolution": [640,480],
			"panel": 3,
			"node": 7,
			"K": [
				[746.603,0,393.611],
				[0,747.152,229.493],
				[0,0,1]
			],
			"distCoef": [-0.33411,0.109243,0.000781633,0.00073143,-0.00655281],
			"R": [
				[0.8400434175,-0.03672828585,-0.541274505],
				[-0.1582389884,0.9377354799,-0.3092128592],
				[0.518929166,0.3454029571,0.7819266704]
			],
			"t": [
				[44.69885273],
				[129.3127397],
				[316.4523231]
			]
		},
		{
			"name": "03_08",
			"type": "vga",
			"resolution": [640,480],
			"panel": 3,
			"node": 8,
			"K": [
				[746.228,0,375.905],
				[0,746.349,233.761],
				[0,0,1]
			],
			"distCoef": [-0.330203,0.0886927,-0.00021724,-0.00134528,-0.00480028],
			"R": [
				[0.8519529986,-0.08604774963,-0.5164996351],
				[-0.1335136904,0.9181012539,-0.3731811653],
				[0.5063103621,0.3868925851,0.7706905636]
			],
			"t": [
				[53.1653559],
				[135.0908896],
				[321.2122663]
			]
		},
		{
			"name": "03_09",
			"type": "vga",
			"resolution": [640,480],
			"panel": 3,
			"node": 9,
			"K": [
				[747.226,0,387.901],
				[0,747.297,218.203],
				[0,0,1]
			],
			"distCoef": [-0.332861,0.105751,0.000481628,0.00110404,-5.24541e-05],
			"R": [
				[0.8508676148,-0.1627667872,-0.4995310552],
				[-0.07680171541,0.9020506905,-0.4247423317],
				[0.519736278,0.3997643366,0.7550249509]
			],
			"t": [
				[27.88912639],
				[152.6438518],
				[324.6711118]
			]
		},
		{
			"name": "03_10",
			"type": "vga",
			"resolution": [640,480],
			"panel": 3,
			"node": 10,
			"K": [
				[746.11,0,374.111],
				[0,746.243,231.127],
				[0,0,1]
			],
			"distCoef": [-0.32811,0.0725535,0.000370636,0.000262358,0.0487724],
			"R": [
				[0.8310538939,-0.1058929276,-0.5460184185],
				[-0.1684932189,0.8876451781,-0.4285977987],
				[0.530056092,0.4481882704,0.7198387414]
			],
			"t": [
				[9.883867413],
				[135.2521867],
				[333.5421523]
			]
		},
		{
			"name": "03_11",
			"type": "vga",
			"resolution": [640,480],
			"panel": 3,
			"node": 11,
			"K": [
				[747.805,0,371.214],
				[0,748.058,236.908],
				[0,0,1]
			],
			"distCoef": [-0.342015,0.163559,0.00087566,-0.00169738,-0.113641],
			"R": [
				[0.8350226316,-0.06399705052,-0.5464810904],
				[-0.1746474014,0.9110212846,-0.3735485298],
				[0.5217619092,0.4073629788,0.749546472]
			],
			"t": [
				[14.63320613],
				[170.370152],
				[327.0047948]
			]
		},
		{
			"name": "03_12",
			"type": "vga",
			"resolution": [640,480],
			"panel": 3,
			"node": 12,
			"K": [
				[746.407,0,372.617],
				[0,746.384,240.83],
				[0,0,1]
			],
			"distCoef": [-0.326651,0.0829375,0.0013774,0.000145164,0.0387579],
			"R": [
				[0.7754711197,0.014779984,-0.6312100242],
				[-0.2836338691,0.901327956,-0.3273526296],
				[0.5640889743,0.4328850516,0.7031459032]
			],
			"t": [
				[-6.306826402],
				[166.9757168],
				[331.9595647]
			]
		},
		{
			"name": "03_13",
			"type": "vga",
			"resolution": [640,480],
			"panel": 3,
			"node": 13,
			"K": [
				[747.24,0,356.769],
				[0,747.478,222.267],
				[0,0,1]
			],
			"distCoef": [-0.322379,0.0449549,-0.00108557,-0.000178656,0.0588056],
			"R": [
				[0.7668523784,0.003262884897,-0.6418152252],
				[-0.2650715403,0.9123304399,-0.3120741049],
				[0.5845293048,0.4094417199,0.7004876657]
			],
			"t": [
				[-25.26058949],
				[158.6345388],
				[325.7760442]
			]
		},
		{
			"name": "03_14",
			"type": "vga",
			"resolution": [640,480],
			"panel": 3,
			"node": 14,
			"K": [
				[745.487,0,367.846],
				[0,745.886,234.342],
				[0,0,1]
			],
			"distCoef": [-0.328023,0.0717049,0.000288629,0.000278152,0.0554333],
			"R": [
				[0.7489515464,0.08708331989,-0.6568775202],
				[-0.3145063754,0.9192651545,-0.2367220219],
				[0.5832300755,0.3838854923,0.7158733183]
			],
			"t": [
				[-26.003496],
				[178.9376355],
				[320.1744793]
			]
		},
		{
			"name": "03_15",
			"type": "vga",
			"resolution": [640,480],
			"panel": 3,
			"node": 15,
			"K": [
				[749.265,0,379.891],
				[0,749.335,236.143],
				[0,0,1]
			],
			"distCoef": [-0.351822,0.215307,0.000285411,0.000622093,-0.169445],
			"R": [
				[0.8299854143,0.09515209205,-0.549609217],
				[-0.2736840477,0.9280490037,-0.2526303402],
				[0.4860259808,0.3600987728,0.7963087465]
			],
			"t": [
				[-4.806635636],
				[165.8613326],
				[319.9397655]
			]
		},
		{
			"name": "03_16",
			"type": "vga",
			"resolution": [640,480],
			"panel": 3,
			"node": 16,
			"K": [
				[746.116,0,371.274],
				[0,746.337,217.179],
				[0,0,1]
			],
			"distCoef": [-0.328419,0.0805537,-0.00125217,0.000299162,0.0306979],
			"R": [
				[0.7604584665,0.08023217148,-0.6444111416],
				[-0.287232233,0.9315467708,-0.2229759139],
				[0.5824092763,0.3546595727,0.7314478945]
			],
			"t": [
				[-37.46974468],
				[151.0114405],
				[315.3307224]
			]
		},
		{
			"name": "03_17",
			"type": "vga",
			"resolution": [640,480],
			"panel": 3,
			"node": 17,
			"K": [
				[745.401,0,386.369],
				[0,745.456,244.047],
				[0,0,1]
			],
			"distCoef": [-0.314537,-0.00451173,-0.00101114,5.71347e-05,0.163921],
			"R": [
				[0.7850643217,0.1394535175,-0.6035119944],
				[-0.3139827286,0.9294668762,-0.193665103],
				[0.5339371283,0.3415319055,0.7734772786]
			],
			"t": [
				[-25.32368563],
				[139.4719587],
				[316.6992878]
			]
		},
		{
			"name": "03_18",
			"type": "vga",
			"resolution": [640,480],
			"panel": 3,
			"node": 18,
			"K": [
				[748.7,0,390.595],
				[0,748.736,244.934],
				[0,0,1]
			],
			"distCoef": [-0.353804,0.209788,-0.00046486,-0.000395796,-0.147515],
			"R": [
				[0.7646525043,0.1427823793,-0.6284263997],
				[-0.3554811284,0.9068236328,-0.2265040095],
				[0.5375311293,0.3965905838,0.7441614031]
			],
			"t": [
				[-35.98561708],
				[101.6616256],
				[322.9399604]
			]
		},
		{
			"name": "03_19",
			"type": "vga",
			"resolution": [640,480],
			"panel": 3,
			"node": 19,
			"K": [
				[745.312,0,381.414],
				[0,745.479,232.185],
				[0,0,1]
			],
			"distCoef": [-0.325135,0.0606688,0.000330057,0.000293514,0.0906438],
			"R": [
				[0.7954956546,0.09619473055,-0.5982752186],
				[-0.2764837036,0.9361750244,-0.2171015555],
				[0.5392062918,0.3381166922,0.7713194392]
			],
			"t": [
				[0.3959525849],
				[126.559437],
				[316.5331079]
			]
		},
		{
			"name": "03_20",
			"type": "vga",
			"resolution": [640,480],
			"panel": 3,
			"node": 20,
			"K": [
				[747.63,0,357.217],
				[0,747.726,215.983],
				[0,0,1]
			],
			"distCoef": [-0.343326,0.164208,-2.87455e-05,-0.000731088,-0.109516],
			"R": [
				[0.8565639145,0.003509481517,-0.5160290146],
				[-0.1916224345,0.9306418721,-0.3117475716],
				[0.4791441359,0.3659144563,0.7978267404]
			],
			"t": [
				[26.17977488],
				[111.5742798],
				[319.051144]
			]
		},
		{
			"name": "03_21",
			"type": "vga",
			"resolution": [640,480],
			"panel": 3,
			"node": 21,
			"K": [
				[746.213,0,371.204],
				[0,746.671,251.26],
				[0,0,1]
			],
			"distCoef": [-0.3144,-1.51307e-05,-0.00100736,-0.000146086,0.157502],
			"R": [
				[0.8395654062,-0.01539324516,-0.5430404927],
				[-0.1638273427,0.9458891113,-0.2800971098],
				[0.5179676925,0.3241247247,0.7916139415]
			],
			"t": [
				[28.07074675],
				[141.0777491],
				[313.2688915]
			]
		},
		{
			"name": "03_22",
			"type": "vga",
			"resolution": [640,480],
			"panel": 3,
			"node": 22,
			"K": [
				[751.9,0,363.797],
				[0,752.159,225.518],
				[0,0,1]
			],
			"distCoef": [-0.364158,0.246724,-0.000402554,-0.00160625,-0.222589],
			"R": [
				[0.8088273127,-0.0132161749,-0.5878977045],
				[-0.2708444837,0.8790195336,-0.3923874681],
				[0.5219594275,0.4766025516,0.7073954791]
			],
			"t": [
				[10.08936964],
				[106.5091528],
				[335.5200607]
			]
		},
		{
			"name": "03_23",
			"type": "vga",
			"resolution": [640,480],
			"panel": 3,
			"node": 23,
			"K": [
				[745.635,0,366.207],
				[0,745.601,236.121],
				[0,0,1]
			],
			"distCoef": [-0.328537,0.0711577,0.000596967,-0.000863316,0.0461433],
			"R": [
				[0.8100570998,0.02602499895,-0.5857731596],
				[-0.2647249438,0.9076351209,-0.3257594071],
				[0.5231904043,0.4189524873,0.7421257402]
			],
			"t": [
				[0.549037668],
				[134.1754029],
				[327.7254757]
			]
		},
		{
			"name": "03_24",
			"type": "vga",
			"resolution": [640,480],
			"panel": 3,
			"node": 24,
			"K": [
				[747.311,0,372.597],
				[0,747.625,225.196],
				[0,0,1]
			],
			"distCoef": [-0.338154,0.143918,3.68252e-05,0.00101546,-0.0685502],
			"R": [
				[0.8439355458,0.02896004024,-0.5356623102],
				[-0.2294038699,0.9221152373,-0.3115723891],
				[0.4849192293,0.3858300212,0.7848493714]
			],
			"t": [
				[3.010387884],
				[129.7396484],
				[322.9139919]
			]
		},
		{
			"name": "04_01",
			"type": "vga",
			"resolution": [640,480],
			"panel": 4,
			"node": 1,
			"K": [
				[746.973,0,368.812],
				[0,747.19,246.155],
				[0,0,1]
			],
			"distCoef": [-0.336944,0.116953,-0.000521089,0.00079903,-0.00891404],
			"R": [
				[0.02036915019,-0.06061919915,-0.9979531103],
				[-0.08721645241,0.9942472788,-0.06217426267],
				[0.9959811184,0.08830436685,0.01496498065]
			],
			"t": [
				[-55.90373476],
				[136.3227283],
				[283.1984373]
			]
		},
		{
			"name": "04_02",
			"type": "vga",
			"resolution": [640,480],
			"panel": 4,
			"node": 2,
			"K": [
				[746.384,0,383.211],
				[0,746.284,224.223],
				[0,0,1]
			],
			"distCoef": [-0.330808,0.0840053,-0.000826624,-8.51957e-05,0.0344876],
			"R": [
				[0.08373774624,-0.01839714682,-0.9963179888],
				[-0.0108752207,0.9997531466,-0.01937460942],
				[0.9964284818,0.01245756414,0.08351700226]
			],
			"t": [
				[-50.32220282],
				[148.8023881],
				[275.2190766]
			]
		},
		{
			"name": "04_03",
			"type": "vga",
			"resolution": [640,480],
			"panel": 4,
			"node": 3,
			"K": [
				[743.904,0,379.404],
				[0,743.684,259.277],
				[0,0,1]
			],
			"distCoef": [-0.318449,0.00967613,0.000293428,0.0010723,0.146312],
			"R": [
				[0.04309763139,0.04145634624,-0.9982103814],
				[-0.08586884978,0.9955951709,0.03764035597],
				[0.9953738668,0.0840929671,0.04646760246]
			],
			"t": [
				[-47.10713696],
				[110.95072],
				[282.733379]
			]
		},
		{
			"name": "04_04",
			"type": "vga",
			"resolution": [640,480],
			"panel": 4,
			"node": 4,
			"K": [
				[744.06,0,395.024],
				[0,744.14,224.496],
				[0,0,1]
			],
			"distCoef": [-0.306294,-0.0566991,-0.00102848,0.00028931,0.242956],
			"R": [
				[0.06818477652,0.05696037399,-0.9960453564],
				[-0.03878775776,0.9977653877,0.0544035015],
				[0.996918425,0.03492487541,0.07024177517]
			],
			"t": [
				[-18.46056311],
				[116.9679402],
				[278.1959351]
			]
		},
		{
			"name": "04_05",
			"type": "vga",
			"resolution": [640,480],
			"panel": 4,
			"node": 5,
			"K": [
				[747.596,0,366.586],
				[0,747.959,257.443],
				[0,0,1]
			],
			"distCoef": [-0.342705,0.138692,0.000563119,9.47722e-05,-0.0265551],
			"R": [
				[0.108574182,0.01138395403,-0.994023165],
				[-0.04773352148,0.9988407061,0.006225336439],
				[0.9929416689,0.04677231529,0.1089917089]
			],
			"t": [
				[-8.918550842],
				[91.18627709],
				[280.4001234]
			]
		},
		{
			"name": "04_06",
			"type": "vga",
			"resolution": [640,480],
			"panel": 4,
			"node": 6,
			"K": [
				[746.583,0,362.36],
				[0,746.992,223.886],
				[0,0,1]
			],
			"distCoef": [-0.316904,-0.00481002,-0.00036717,0.00138151,0.188488],
			"R": [
				[0.07232442337,0.09492894023,-0.9928532994],
				[-0.08439534553,0.9924725658,0.08874475639],
				[0.9938041072,0.07737378393,0.07979156674]
			],
			"t": [
				[9.766352268],
				[75.27849591],
				[282.339152]
			]
		},
		{
			"name": "04_07",
			"type": "vga",
			"resolution": [640,480],
			"panel": 4,
			"node": 7,
			"K": [
				[745.621,0,375.51],
				[0,745.759,218.221],
				[0,0,1]
			],
			"distCoef": [-0.309608,-0.03975,-0.00100588,-0.000212079,0.23309],
			"R": [
				[0.05988688476,-0.05856958948,-0.9964854059],
				[-0.04095412544,0.9972924357,-0.06107828893],
				[0.9973646879,0.04446797677,0.05732607086]
			],
			"t": [
				[7.259596142],
				[99.33685955],
				[279.6685134]
			]
		},
		{
			"name": "04_08",
			"type": "vga",
			"resolution": [640,480],
			"panel": 4,
			"node": 8,
			"K": [
				[745.446,0,365.747],
				[0,745.786,237.467],
				[0,0,1]
			],
			"distCoef": [-0.324232,0.0650205,0.000520348,-0.000293965,0.0612174],
			"R": [
				[0.08210884778,-0.02051036024,-0.9964122953],
				[-0.0489466721,0.998498731,-0.02458673346],
				[0.9954206952,0.05078985425,0.08098166644]
			],
			"t": [
				[38.74732063],
				[92.00899798],
				[279.5411405]
			]
		},
		{
			"name": "04_09",
			"type": "vga",
			"resolution": [640,480],
			"panel": 4,
			"node": 9,
			"K": [
				[746.858,0,354.997],
				[0,747.074,218.268],
				[0,0,1]
			],
			"distCoef": [-0.346167,0.203093,-0.000934963,-0.000103547,-0.189752],
			"R": [
				[0.07047835572,0.01296095801,-0.9974291027],
				[-0.04397319883,0.9989839146,0.009874014897],
				[0.9965436063,0.04316424391,0.07097667847]
			],
			"t": [
				[55.24288984],
				[107.2924578],
				[278.9938772]
			]
		},
		{
			"name": "04_10",
			"type": "vga",
			"resolution": [640,480],
			"panel": 4,
			"node": 10,
			"K": [
				[744.235,0,374.179],
				[0,744.403,210.182],
				[0,0,1]
			],
			"distCoef": [-0.319421,0.0236566,-0.00171535,3.42133e-05,0.119345],
			"R": [
				[0.05211316973,-0.02050044688,-0.9984307433],
				[-0.05671994428,0.9981145908,-0.02345445729],
				[0.9970291197,0.05785322224,0.05085213087]
			],
			"t": [
				[41.0386386],
				[125.9120544],
				[281.3439103]
			]
		},
		{
			"name": "04_11",
			"type": "vga",
			"resolution": [640,480],
			"panel": 4,
			"node": 11,
			"K": [
				[743.639,0,378.98],
				[0,743.81,231.456],
				[0,0,1]
			],
			"distCoef": [-0.31418,0.00799329,-6.11532e-05,-0.000189381,0.135986],
			"R": [
				[0.07918648773,-0.01049162824,-0.9968046077],
